2024-03-11 17:21:46
Bitrate_list:[[1. 2. 2. 0.]
 [1. 2. 2. 0.]
 [1. 2. 2. 0.]
 [2. 2. 2. 0.]
 [2. 2. 2. 0.]
 [2. 2. 2. 0.]
 [2. 2. 2. 0.]
 [2. 2. 2. 0.]
 [2. 2. 2. 0.]
 [2. 2. 2. 0.]
 [2. 2. 2. 0.]
 [2. 2. 2. 0.]
 [2. 2. 1. 0.]
 [2. 2. 1. 0.]
 [2. 2. 1. 0.]
 [2. 2. 0. 0.]
 [2. 2. 0. 0.]
 [2. 2. 0. 0.]
 [2. 2. 0. 0.]
 [2. 2. 0. 0.]]

user_transcodebit_left:[11.5 15.  16.5 30. ]Mbit

2024-03-11 17:38:16
Bitrate_list:[[1. 1. 1. 1.]
 [1. 1. 1. 1.]
 [1. 1. 1. 0.]
 [1. 1. 1. 0.]
 [1. 1. 1. 0.]
 [1. 1. 1. 0.]
 [1. 1. 1. 0.]
 [1. 1. 1. 0.]
 [1. 1. 1. 0.]
 [1. 1. 1. 0.]
 [1. 1. 1. 0.]
 [1. 1. 1. 0.]
 [1. 1. 1. 0.]
 [1. 1. 1. 0.]
 [1. 1. 1. 0.]
 [1. 1. 1. 0.]
 [1. 1. 1. 0.]
 [1. 1. 1. 0.]
 [1. 1. 1. 0.]
 [1. 1. 1. 0.]]

user_transcodebit_left:[20.  22.5 20.  29. ]Mbit

2024-03-11 17:51:25
Bitrate_list:[[0. 4. 0. 0.]
 [4. 4. 0. 0.]
 [4. 4. 0. 0.]
 [4. 4. 0. 0.]
 [4. 4. 0. 0.]
 [4. 4. 0. 0.]
 [4. 4. 0. 0.]
 [4. 0. 0. 0.]
 [4. 0. 0. 0.]
 [4. 0. 0. 0.]
 [0. 0. 0. 0.]
 [0. 0. 0. 0.]
 [0. 0. 0. 0.]
 [0. 0. 0. 0.]
 [0. 0. 0. 0.]]

user_transcodebit_left:[ 4. 12. 40. 40.]Mbit

2024-03-11 17:55:15
Bitrate_list:[[0. 0. 0. 0.]
 [0. 0. 0. 0.]
 [0. 0. 0. 0.]
 [0. 0. 0. 0.]
 [0. 0. 0. 0.]
 [0. 0. 0. 0.]
 [0. 0. 0. 0.]
 [0. 0. 0. 0.]
 [0. 0. 0. 0.]
 [0. 0. 0. 0.]
 [0. 0. 0. 0.]
 [0. 0. 0. 0.]
 [0. 0. 0. 0.]
 [0. 0. 0. 0.]
 [0. 0. 0. 0.]]

user_transcodebit_left:[40. 40. 40. 40.]Mbit

2024-03-11 18:04:26
Bitrate_list:[[0. 0. 0. 0.]
 [0. 0. 0. 0.]
 [0. 0. 0. 0.]
 [0. 0. 0. 0.]
 [0. 0. 0. 0.]
 [0. 0. 0. 0.]
 [0. 0. 0. 0.]
 [0. 0. 0. 0.]
 [0. 0. 0. 0.]
 [0. 0. 0. 0.]
 [0. 0. 0. 0.]
 [0. 0. 0. 0.]
 [0. 0. 0. 0.]
 [0. 0. 0. 0.]
 [0. 0. 0. 0.]]

user_transcodebit_left:[30. 30. 30. 30.]Mbit

2024-03-11 18:22:53
Bitrate_list:[[4. 3. 3. 3.]
 [3. 3. 3. 3.]
 [3. 3. 3. 3.]
 [3. 3. 3. 3.]
 [3. 3. 3. 3.]
 [3. 3. 3. 3.]
 [3. 3. 3. 3.]
 [3. 3. 3. 3.]
 [3. 3. 3. 3.]
 [0. 0. 3. 0.]
 [0. 0. 3. 0.]
 [0. 0. 3. 0.]
 [0. 0. 0. 3.]
 [0. 0. 0. 3.]
 [0. 0. 0. 3.]]

user_transcodebit_left:[2. 3. 3. 3.]Mbit

2024-03-11 18:26:19
Bitrate_list:[[4. 4. 4. 4.]
 [4. 4. 4. 4.]
 [4. 4. 4. 4.]
 [4. 4. 4. 4.]
 [4. 4. 4. 4.]
 [4. 4. 4. 4.]
 [4. 4. 4. 4.]
 [0. 0. 0. 0.]
 [0. 0. 0. 0.]
 [0. 0. 4. 0.]
 [0. 0. 4. 0.]
 [0. 0. 4. 0.]
 [0. 0. 0. 4.]
 [0. 0. 0. 4.]
 [0. 0. 0. 4.]]

user_transcodebit_left:[2. 2. 2. 2.]Mbit

2024-03-11 18:33:28
Bitrate_list:[[4. 4. 4. 4.]
 [4. 4. 4. 4.]
 [4. 4. 4. 4.]
 [4. 4. 4. 4.]
 [4. 4. 4. 4.]
 [4. 4. 4. 4.]
 [4. 4. 4. 4.]
 [0. 0. 0. 0.]
 [0. 0. 0. 0.]
 [0. 0. 4. 0.]
 [0. 0. 4. 0.]
 [0. 0. 4. 0.]
 [0. 0. 0. 4.]
 [0. 0. 0. 4.]
 [0. 0. 0. 4.]]

user_transcodebit_left:[2. 2. 2. 2.]Mbit

2024-03-11 20:10:34
Bitrate_list:[[ 4.  4.  4.  4.]
 [ 4.  4.  4.  4.]
 [ 4.  4.  4.  4.]
 [ 4.  4.  4.  4.]
 [ 4.  4.  4.  4.]
 [ 4.  4.  4.  4.]
 [ 4.  4.  4.  4.]
 [ 0.  0.  0.  0.]
 [-1. -1. -1. -1.]
 [-1. -1. -1. -1.]
 [-1. -1. -1. -1.]
 [-1. -1. -1. -1.]
 [-1. -1. -1. -1.]
 [-1. -1. -1. -1.]
 [-1. -1. -1. -1.]]

user_transcodebit_left:[2. 2. 2. 2.]Mbit

2024-03-11 20:12:47
Bitrate_list:[[-1. -1. -1. -1.]
 [ 0.  0.  0.  0.]
 [-1. -1. -1. -1.]
 [-1. -1. -1. -1.]
 [-1. -1. -1. -1.]
 [-1. -1. -1. -1.]
 [-1. -1. -1. -1.]
 [-1. -1. -1. -1.]
 [-1. -1. -1. -1.]
 [-1. -1. -1. -1.]
 [-1. -1. -1. -1.]
 [-1. -1. -1. -1.]
 [-1. -1. -1. -1.]
 [-1. -1. -1. -1.]
 [-1. -1. -1. -1.]
 [-1. -1. -1. -1.]
 [-1. -1. -1. -1.]
 [-1. -1. -1. -1.]
 [-1. -1. -1. -1.]
 [-1. -1. -1. -1.]]

user_transcodebit_left:[2. 2. 2. 2.]Mbit

2024-03-11 20:22:06
Bitrate_list:[[ 4.  4. -1. -1.]
 [ 4. -1. -1.  4.]
 [ 0.  0.  4. -1.]
 [ 0.  4. -1. -1.]
 [-1. -1. -1. -1.]
 [-1.  4. -1.  4.]
 [-1.  4. -1. -1.]
 [ 4. -1.  4. -1.]
 [-1. -1.  0.  0.]
 [-1.  4. -1.  0.]
 [-1. -1.  4.  0.]
 [-1.  0. -1.  4.]
 [ 0.  0. -1. -1.]
 [-1. -1. -1. -1.]
 [-1. -1.  0.  4.]
 [ 4. -1.  4. -1.]
 [ 4. -1.  0. -1.]
 [-1. -1. -1. -1.]
 [-1. -1. -1. -1.]
 [-1. -1.  4.  4.]]

user_transcodebit_left:[0. 0. 0. 0.]Mbit

2024-03-11 20:24:19
Bitrate_list:[[ 4.  4. -1. -1.]
 [ 4. -1. -1.  4.]
 [ 0.  0.  4. -1.]
 [ 0.  4. -1. -1.]
 [-1. -1. -1. -1.]
 [-1.  4. -1.  4.]
 [-1.  4. -1. -1.]
 [ 4. -1.  4. -1.]
 [-1. -1.  0.  4.]
 [-1.  4. -1.  0.]
 [-1. -1.  4.  0.]
 [-1.  4. -1.  4.]
 [ 4.  0. -1. -1.]
 [-1. -1. -1. -1.]
 [-1. -1.  4.  4.]
 [ 4. -1.  4. -1.]
 [ 4. -1.  0. -1.]
 [-1. -1. -1. -1.]
 [-1. -1. -1. -1.]
 [-1. -1.  4.  4.]]

user_transcodebit_left:[2. 2. 2. 2.]Mbit

2024-03-11 20:27:45
Bitrate_list:[[ 3.  3. -1. -1.]
 [ 4. -1. -1.  3.]
 [ 0.  0.  3. -1.]
 [ 0.  3. -1. -1.]
 [-1. -1. -1. -1.]
 [-1.  3. -1.  3.]
 [-1.  3. -1. -1.]
 [ 3. -1.  3. -1.]
 [-1. -1.  0.  3.]
 [-1.  3. -1.  3.]
 [-1. -1.  3.  0.]
 [-1.  3. -1.  3.]
 [ 3.  3. -1. -1.]
 [-1. -1. -1. -1.]
 [-1. -1.  3.  3.]
 [ 3. -1.  3. -1.]
 [ 3. -1.  3. -1.]
 [-1. -1. -1. -1.]
 [-1. -1. -1. -1.]
 [-1. -1.  3.  3.]]

user_transcodebit_left:[1.75 0.25 0.25 0.25]Mbit

2024-03-11 20:42:30
Bitrate_list:
[[ 4.  4. -1. -1.]
 [ 4. -1. -1.  3.]
 [ 0.  0.  3. -1.]
 [ 0.  3. -1. -1.]
 [-1. -1. -1. -1.]
 [-1.  3. -1.  3.]
 [-1.  3. -1. -1.]
 [ 3. -1.  3. -1.]
 [-1. -1.  0.  4.]
 [-1.  3. -1.  0.]
 [-1. -1.  3.  0.]
 [-1.  3. -1.  4.]
 [ 0.  0. -1. -1.]
 [-1. -1. -1. -1.]
 [-1. -1.  3.  3.]
 [ 4. -1.  4. -1.]
 [ 4. -1.  0. -1.]
 [-1. -1. -1. -1.]
 [-1. -1. -1. -1.]
 [-1. -1.  4.  4.]]

user_transcodebit_left:[1.75 1.75 1.   0.25]Mbit

2024-03-12 22:56:40
Bitrate_list:[[ 1. -1. -1. -1.]
 [ 1.  1. -1. -1.]
 [ 1. -1. -1.  1.]
 [ 1. -1. -1.  3.]
 [ 1. -1.  1. -1.]
 [-1.  1. -1. -1.]
 [-1. -1. -1. -1.]
 [-1.  1.  1. -1.]
 [-1. -1. -1. -1.]
 [-1. -1. -1. -1.]
 [ 1.  1. -1.  1.]
 [-1.  1. -1. -1.]
 [-1. -1.  1. -1.]
 [-1. -1.  1. -1.]
 [-1. -1. -1.  1.]
 [-1.  1. -1.  1.]
 [ 1. -1.  1. -1.]
 [-1. -1. -1. -1.]
 [-1.  1. -1.  1.]
 [-1. -1.  1. -1.]
 [-1. -1. -1. -1.]
 [-1. -1. -1. -1.]
 [-1.  1. -1. -1.]
 [-1. -1.  1.  1.]
 [ 1. -1.  1.  1.]]

user_transcodebit_left:[16. 16. 16. 16.]Mbit

2024-03-12 23:04:25
Bitrate_list:[[ 1. -1. -1. -1.]
 [-1.  1. -1. -1.]
 [ 1.  1. -1.  1.]
 [-1. -1. -1. -1.]
 [-1.  1. -1. -1.]
 [-1.  1. -1. -1.]
 [ 1.  1.  1.  1.]
 [-1. -1. -1. -1.]
 [-1. -1. -1. -1.]
 [-1. -1. -1. -1.]
 [ 1. -1.  1. -1.]
 [-1. -1. -1.  1.]
 [ 1. -1.  1. -1.]
 [-1. -1.  1. -1.]
 [-1.  1.  1.  1.]
 [-1.  1.  1. -1.]
 [-1. -1. -1.  1.]
 [ 3.  3.  3.  3.]
 [-1. -1.  1. -1.]
 [ 1. -1. -1.  1.]
 [ 1. -1. -1.  1.]
 [-1. -1. -1. -1.]
 [-1. -1. -1. -1.]
 [-1. -1. -1. -1.]
 [-1. -1. -1. -1.]]

user_transcodebit_left:[16. 16. 16. 16.]Mbit

2024-03-12 23:07:23
Bitrate_list:[[ 3.  3.  3.  3.]
 [-1.  3.  3.  3.]
 [-1. -1. -1. -1.]
 [ 3. -1. -1. -1.]
 [-1.  3. -1. -1.]
 [-1. -1.  3. -1.]
 [ 3. -1.  3. -1.]
 [-1.  3.  3. -1.]
 [-1. -1. -1. -1.]
 [-1. -1.  3. -1.]
 [-1. -1. -1. -1.]
 [-1. -1. -1. -1.]
 [-1.  3. -1.  3.]
 [-1. -1. -1. -1.]
 [-1.  3. -1.  3.]
 [ 3.  3. -1.  3.]
 [-1. -1. -1. -1.]
 [ 3.  3.  3.  3.]
 [-1. -1. -1.  3.]
 [-1. -1. -1. -1.]
 [-1. -1. -1.  3.]
 [ 3. -1. -1. -1.]
 [-1. -1. -1. -1.]
 [ 0. -1. -1. -1.]
 [ 3. -1.  3. -1.]]

user_transcodebit_left:[16. 16. 16. 16.]Mbit

2024-03-12 23:12:15
Bitrate_list:[[ 3.  3.  3.  3.]
 [-1.  3.  3.  3.]
 [-1. -1. -1. -1.]
 [ 3. -1. -1. -1.]
 [-1.  3. -1. -1.]
 [-1. -1.  3. -1.]
 [ 3. -1.  3. -1.]
 [-1.  3.  3. -1.]
 [-1. -1. -1. -1.]
 [-1. -1.  3. -1.]
 [-1. -1. -1. -1.]
 [-1. -1. -1. -1.]
 [-1.  3. -1.  3.]
 [-1. -1. -1. -1.]
 [-1.  3. -1.  3.]
 [ 3.  3. -1.  3.]
 [-1. -1. -1. -1.]
 [ 3.  3.  3.  3.]
 [-1. -1. -1.  3.]
 [-1. -1. -1. -1.]
 [-1. -1. -1.  3.]
 [ 3. -1. -1. -1.]
 [-1. -1. -1. -1.]
 [ 0. -1. -1. -1.]
 [ 3. -1.  3. -1.]]

user_transcodebit_left:[16. 16. 16. 16.]Mbit

2024-03-13 10:09:42
Bitrate_list:[[ 3.  3.  3.  3.]
 [-1.  3.  3.  3.]
 [-1. -1. -1. -1.]
 [ 3. -1. -1. -1.]
 [-1.  3. -1. -1.]
 [-1. -1.  3. -1.]
 [ 3. -1.  3. -1.]
 [-1.  3.  3. -1.]
 [-1. -1. -1. -1.]
 [-1. -1.  3. -1.]
 [-1. -1. -1. -1.]
 [-1. -1. -1. -1.]
 [-1.  3. -1.  3.]
 [-1. -1. -1. -1.]
 [-1.  3. -1.  3.]
 [ 3.  3. -1.  3.]
 [-1. -1. -1. -1.]
 [ 3.  3.  3.  3.]
 [-1. -1. -1.  3.]
 [-1. -1. -1. -1.]
 [-1. -1. -1.  3.]
 [ 3. -1. -1. -1.]
 [-1. -1. -1. -1.]
 [ 0. -1. -1. -1.]
 [ 3. -1.  3. -1.]]

user_transcodebit_left:[16. 16. 16. 16.]Mbit

2024-03-13 10:13:53
Bitrate_list:[[-1. -1. -1. -1.]
 [-1. -1. -1. -1.]
 [-1. -1. -1.  3.]
 [-1. -1.  3. -1.]
 [-1. -1. -1. -1.]
 [-1. -1.  3.  3.]
 [-1. -1. -1. -1.]
 [ 3. -1. -1. -1.]
 [ 3. -1. -1. -1.]
 [-1.  3. -1. -1.]
 [-1. -1. -1. -1.]
 [-1.  3. -1.  3.]
 [-1. -1. -1. -1.]
 [-1.  3. -1. -1.]
 [ 3. -1. -1. -1.]
 [ 3.  3. -1. -1.]
 [-1. -1. -1.  3.]
 [ 3. -1. -1. -1.]
 [-1.  3.  3. -1.]
 [-1.  3.  3.  3.]
 [ 3. -1.  3.  3.]
 [-1.  3.  3.  3.]
 [-1.  3.  3. -1.]
 [ 3. -1. -1.  3.]
 [ 3. -1.  4. -1.]]

user_transcodebit_left:[16. 16. 16. 16.]Mbit

2024-03-13 10:23:08
Bitrate_list:[[-1 -1 -1 -1]
 [-1 -1 -1 -1]
 [-1 -1 -1  3]
 [-1 -1  2 -1]
 [-1 -1 -1 -1]
 [-1 -1  2  2]
 [-1 -1 -1 -1]
 [ 1 -1 -1 -1]
 [ 1 -1 -1 -1]
 [-1  2 -1 -1]
 [-1 -1 -1 -1]
 [-1  2 -1  2]
 [-1 -1 -1 -1]
 [-1  2 -1 -1]
 [ 2 -1 -1 -1]
 [ 2  2 -1 -1]
 [-1 -1 -1  2]
 [ 4 -1 -1 -1]
 [-1  2  2 -1]
 [-1  2  2  2]
 [ 4 -1  2  3]
 [-1  2  2  1]
 [-1  2  2 -1]
 [ 2 -1 -1  2]
 [ 1 -1  1 -1]]

user_transcodebit_left:[16. 16. 16. 16.]Mbit

2024-03-13 10:32:45
Bitrate_list:[[-1 -1 -1 -1]
 [-1 -1 -1 -1]
 [-1 -1 -1  3]
 [-1 -1  2 -1]
 [-1 -1 -1 -1]
 [-1 -1  2  2]
 [-1 -1 -1 -1]
 [ 1 -1 -1 -1]
 [ 1 -1 -1 -1]
 [-1  2 -1 -1]
 [-1 -1 -1 -1]
 [-1  2 -1  2]
 [-1 -1 -1 -1]
 [-1  2 -1 -1]
 [ 2 -1 -1 -1]
 [ 2  2 -1 -1]
 [-1 -1 -1  2]
 [ 4 -1 -1 -1]
 [-1  2  2 -1]
 [-1  2  2  2]
 [ 4 -1  4  3]
 [-1  2  2  2]
 [-1  2  2 -1]
 [ 2 -1 -1  2]
 [ 1 -1  1 -1]]

user_transcodebit_left:[16. 16. 16. 16.]Mbit

2024-03-13 13:04:42
Bitrate_list:[[-1 -1  2 -1]
 [ 4  2 -1  2]
 [-1 -1  0 -1]
 [ 4 -1 -1  2]
 [-1  0 -1 -1]
 [-1 -1 -1 -1]
 [-1  0 -1 -1]
 [-1  0 -1  0]
 [-1 -1 -1  2]
 [-1 -1 -1 -1]
 [ 4  2 -1  2]
 [-1  0  0  0]
 [ 4  2  2 -1]
 [-1 -1  0 -1]
 [ 1 -1 -1 -1]
 [-1 -1 -1  2]
 [ 1 -1 -1 -1]
 [-1 -1  2 -1]
 [-1 -1 -1 -1]
 [-1 -1 -1 -1]
 [-1 -1 -1 -1]
 [-1 -1 -1 -1]
 [ 4 -1 -1 -1]
 [ 4 -1  2 -1]
 [-1  0  0  0]]

user_transcodebit_left:[16. 16. 16. 16.]Mbit

2024-03-13 13:24:05
Bitrate_list:[[-1 -1  4 -1]
 [ 4  2 -1  4]
 [-1 -1  0 -1]
 [ 4 -1 -1  4]
 [-1  0 -1 -1]
 [-1 -1 -1 -1]
 [-1  0 -1 -1]
 [-1  0 -1  0]
 [-1 -1 -1  4]
 [-1 -1 -1 -1]
 [ 4  2 -1  4]
 [-1  0  0  0]
 [ 4  2  4 -1]
 [-1 -1  0 -1]
 [ 1 -1 -1 -1]
 [-1 -1 -1  4]
 [ 1 -1 -1 -1]
 [-1 -1  4 -1]
 [-1 -1 -1 -1]
 [-1 -1 -1 -1]
 [-1 -1 -1 -1]
 [-1 -1 -1 -1]
 [ 4 -1 -1 -1]
 [ 4 -1  4 -1]
 [-1  0  0  0]]

user_transcodebit_left:[16. 16. 16. 16.]Mbit

2024-03-13 13:36:33
Bitrate_list:[[-1 -1  4 -1]
 [ 4  2 -1  4]
 [-1 -1  0 -1]
 [ 4 -1 -1  4]
 [-1  0 -1 -1]
 [-1 -1 -1 -1]
 [-1  0 -1 -1]
 [-1  0 -1  0]
 [-1 -1 -1  4]
 [-1 -1 -1 -1]
 [ 4  2 -1  4]
 [-1  0  0  0]
 [ 4  2  4 -1]
 [-1 -1  0 -1]
 [ 1 -1 -1 -1]
 [-1 -1 -1  4]
 [ 1 -1 -1 -1]
 [-1 -1  4 -1]
 [-1 -1 -1 -1]
 [-1 -1 -1 -1]
 [-1 -1 -1 -1]
 [-1 -1 -1 -1]
 [ 4 -1 -1 -1]
 [ 4 -1  4 -1]
 [-1  0  0  0]]

Energy_consume:9.0

user_transcodebit_left:[16. 16. 16. 16.]Mbit

2024-03-13 13:57:37
Bitrate_list:[[-1 -1  3 -1]
 [ 4  2 -1  3]
 [-1 -1  0 -1]
 [ 4 -1 -1  3]
 [-1  0 -1 -1]
 [-1 -1 -1 -1]
 [-1  0 -1 -1]
 [-1  0 -1  0]
 [-1 -1 -1  3]
 [-1 -1 -1 -1]
 [ 4  2 -1  3]
 [-1  0  0  0]
 [ 4  2  3 -1]
 [-1 -1  0 -1]
 [ 4 -1 -1 -1]
 [-1 -1 -1  3]
 [ 4 -1 -1 -1]
 [-1 -1  3 -1]
 [-1 -1 -1 -1]
 [-1 -1 -1 -1]
 [-1 -1 -1 -1]
 [-1 -1 -1 -1]
 [ 4 -1 -1 -1]
 [ 4 -1  3 -1]
 [-1  0  0  0]]

Energy_consume:16.5

2024-03-13 14:00:45
Bitrate_list:[[-1 -1  3 -1]
 [ 4  2 -1  3]
 [-1 -1  0 -1]
 [ 4 -1 -1  3]
 [-1  0 -1 -1]
 [-1 -1 -1 -1]
 [-1  0 -1 -1]
 [-1  0 -1  0]
 [-1 -1 -1  3]
 [-1 -1 -1 -1]
 [ 4  2 -1  3]
 [-1  0  0  0]
 [ 4  2  3 -1]
 [-1 -1  0 -1]
 [ 4 -1 -1 -1]
 [-1 -1 -1  3]
 [ 4 -1 -1 -1]
 [-1 -1  3 -1]
 [-1 -1 -1 -1]
 [-1 -1 -1 -1]
 [-1 -1 -1 -1]
 [-1 -1 -1 -1]
 [ 4 -1 -1 -1]
 [ 4 -1  3 -1]
 [-1  0  0  0]]

Energy_consume:16.5

sum_bits_si:[44.4 29.6 69.2 32.   1.2]Mbit

user_transcodebit_left:[16. 16. 16. 16.]Mbit

2024-03-17 21:52:16
Bitrate_list:[[ 4  4 -1 -1]
 [-1 -1  4  4]
 [-1 -1 -1 -1]
 [-1  4  4 -1]
 [-1  4 -1 -1]
 [-1 -1  4 -1]
 [-1 -1 -1 -1]
 [-1  4 -1 -1]
 [ 4 -1 -1 -1]
 [ 4  4  4 -1]
 [-1 -1 -1 -1]
 [-1 -1 -1 -1]
 [-1  4  4  4]
 [-1 -1  4  4]
 [-1 -1  4  4]
 [-1 -1 -1 -1]
 [-1 -1 -1 -1]
 [ 4  4 -1  4]
 [ 4 -1  4  4]
 [-1 -1 -1 -1]
 [ 4 -1 -1 -1]
 [ 4 -1 -1  4]
 [-1 -1 -1 -1]
 [-1  4 -1  4]
 [ 4 -1 -1 -1]]

Energy_consume:0.0

sum_bits_si:[80. 48. 64. 64. 16.]Mbit

user_transcodebit_left:[236. 236. 236. 236.]Mbit

2024-03-18 11:11:34
Bitrate_list:[[ 4  4 -1 -1]
 [-1 -1  4  4]
 [-1 -1 -1 -1]
 [-1  4  4 -1]
 [-1  4 -1 -1]
 [-1 -1  3 -1]
 [-1 -1 -1 -1]
 [-1  4 -1 -1]
 [ 3 -1 -1 -1]
 [ 4  4  4 -1]
 [-1 -1 -1 -1]
 [-1 -1 -1 -1]
 [-1  4  4  4]
 [-1 -1  3  3]
 [-1 -1  4  4]
 [-1 -1 -1 -1]
 [-1 -1 -1 -1]
 [ 4  4 -1  4]
 [ 4 -1  4  4]
 [-1 -1 -1 -1]
 [ 4 -1 -1 -1]
 [ 2 -1 -1  2]
 [-1 -1 -1 -1]
 [-1  4 -1  4]
 [ 4 -1 -1 -1]]

Energy_consume:0.0

sum_bits_si:[74.  42.  58.  55.2 16. ]Mbit

user_transcodebit_left:[200. 200. 200. 200.]Mbit

2024-03-18 11:14:59
Bitrate_list:[[ 4  4 -1 -1]
 [-1 -1  4  4]
 [-1 -1 -1 -1]
 [-1  4  4 -1]
 [-1  4 -1 -1]
 [-1 -1  3 -1]
 [-1 -1 -1 -1]
 [-1  4 -1 -1]
 [ 4 -1 -1 -1]
 [ 4  4  4 -1]
 [-1 -1 -1 -1]
 [-1 -1 -1 -1]
 [-1  4  4  4]
 [-1 -1  3  3]
 [-1 -1  3  3]
 [-1 -1 -1 -1]
 [-1 -1 -1 -1]
 [ 4  4 -1  4]
 [ 4 -1  4  4]
 [-1 -1 -1 -1]
 [ 4 -1 -1 -1]
 [ 4 -1 -1  4]
 [-1 -1 -1 -1]
 [-1  4 -1  4]
 [ 4 -1 -1 -1]]

Energy_consume:0.0

sum_bits_si:[74. 48. 52. 64. 16.]Mbit

user_transcodebit_left:[200. 200. 200. 200.]Mbit

2024-03-18 11:21:24
Bitrate_list:[[-1 -1 -1  1]
 [ 4  4 -1 -1]
 [-1  4 -1 -1]
 [-1 -1 -1 -1]
 [ 4  2 -1 -1]
 [-1  2  1 -1]
 [-1 -1 -1  1]
 [ 4  2 -1 -1]
 [-1 -1  0  0]
 [-1 -1 -1 -1]
 [ 4  2 -1 -1]
 [ 4 -1 -1 -1]
 [-1 -1  0 -1]
 [ 4  4 -1 -1]
 [ 4 -1 -1 -1]
 [-1 -1 -1  1]
 [-1 -1 -1 -1]
 [-1 -1  1 -1]
 [-1 -1 -1 -1]
 [-1 -1 -1  1]
 [-1 -1 -1 -1]
 [-1 -1  1 -1]
 [ 4 -1 -1 -1]
 [-1 -1 -1 -1]
 [-1  2 -1  1]]

Energy_consume:12.0

sum_bits_si:[58.8 52.8 40.4 23.2  7.2]Mbit

user_transcodebit_left:[200. 200. 200. 200.]Mbit

2024-03-18 11:31:29
Bitrate_list:[[-1 -1 -1  0]
 [ 4  4 -1  3]
 [-1  4 -1 -1]
 [-1 -1 -1 -1]
 [ 4  2  3 -1]
 [-1  2  2 -1]
 [-1 -1 -1  0]
 [ 4  2 -1 -1]
 [-1 -1  1  0]
 [-1 -1 -1 -1]
 [ 4  2  3 -1]
 [ 4 -1 -1 -1]
 [-1 -1  1 -1]
 [ 4  4 -1 -1]
 [ 4 -1 -1 -1]
 [-1 -1 -1  0]
 [-1 -1 -1 -1]
 [-1 -1  3 -1]
 [-1 -1 -1 -1]
 [-1 -1 -1  3]
 [-1 -1 -1 -1]
 [-1 -1  3 -1]
 [ 4 -1 -1 -1]
 [-1 -1 -1 -1]
 [-1  2 -1  0]]

Energy_consume:18.0

sum_bits_si:[56.4 52.8 46.8 36.   7.2]Mbit

user_transcodebit_left:[200. 200. 200. 200.]Mbit

2024-03-18 22:58:37
Bitrate_list:[[-1 -1 -1  3]
 [ 4 -1  4  4]
 [-1  4  4 -1]
 [-1  4 -1 -1]
 [-1 -1 -1 -1]
 [ 0 -1 -1 -1]
 [-1 -1 -1 -1]
 [ 4 -1  4 -1]
 [-1 -1  4  4]
 [-1  4 -1  4]
 [ 0 -1 -1  0]
 [-1  4 -1 -1]
 [-1  4  4  4]
 [-1 -1 -1 -1]
 [-1 -1 -1 -1]
 [ 0 -1  0 -1]
 [-1 -1 -1 -1]
 [ 4 -1  4 -1]
 [ 0 -1 -1  0]
 [-1 -1 -1 -1]
 [-1 -1 -1 -1]
 [ 4  4  4  4]
 [-1 -1 -1 -1]
 [-1  4 -1 -1]
 [-1  4 -1 -1]]

Energy_consume:0.0

sum_bits_si:[59.2 65.2 33.2 33.2 16. ]Mbit

user_transcodebit_left:[200. 200. 200. 200.]Mbit

2024-03-19 09:19:20
Bitrate_list:[[-1 -1 -1  2]
 [ 4 -1  3  3]
 [-1  4  3 -1]
 [-1  4 -1 -1]
 [-1 -1 -1 -1]
 [ 0 -1 -1 -1]
 [-1 -1 -1 -1]
 [ 4 -1  3 -1]
 [-1 -1  3  3]
 [-1  4 -1  3]
 [ 0 -1 -1  0]
 [-1  4 -1 -1]
 [-1  4  3  3]
 [-1 -1 -1 -1]
 [-1 -1 -1 -1]
 [ 0 -1  0 -1]
 [-1 -1 -1 -1]
 [ 4 -1  3 -1]
 [ 0 -1 -1  0]
 [-1 -1 -1 -1]
 [-1 -1 -1 -1]
 [ 4  4  3  3]
 [-1 -1 -1 -1]
 [-1  4 -1 -1]
 [-1  4 -1 -1]]

Energy_consume:14.000000000000002

sum_bits_si:[56.4 59.2 33.2 33.2 16. ]Mbit

user_transcodebit_left:[200. 200. 200. 200.]Mbit

2024-03-19 09:30:44
Bitrate_list:[[-1 -1 -1  0]
 [ 4 -1  4  4]
 [-1  4  4 -1]
 [-1  4 -1 -1]
 [-1 -1 -1 -1]
 [ 1 -1 -1 -1]
 [-1 -1 -1 -1]
 [ 4 -1  4 -1]
 [-1 -1  1  1]
 [-1  4 -1  4]
 [ 1 -1 -1  1]
 [-1  4 -1 -1]
 [-1  4  4  4]
 [-1 -1 -1 -1]
 [-1 -1 -1 -1]
 [ 1 -1  1 -1]
 [-1 -1 -1 -1]
 [ 4 -1  4 -1]
 [ 1 -1 -1  1]
 [-1 -1 -1 -1]
 [-1 -1 -1 -1]
 [ 4  4  4  4]
 [-1 -1 -1 -1]
 [-1  4 -1 -1]
 [-1  4 -1 -1]]

Energy_consume:0.0

sum_bits_si:[52.8 55.2 35.6 35.6 16. ]Mbit

user_transcodebit_left:[200. 200. 200. 200.]Mbit

2024-03-19 09:43:00
Bitrate_list:[[-1 -1 -1  0]
 [ 4 -1  4  4]
 [-1  4  4 -1]
 [-1  4 -1 -1]
 [-1 -1 -1 -1]
 [ 1 -1 -1 -1]
 [-1 -1 -1 -1]
 [ 4 -1  4 -1]
 [-1 -1  2  2]
 [-1  4 -1  4]
 [ 1 -1 -1  1]
 [-1  4 -1 -1]
 [-1  4  4  4]
 [-1 -1 -1 -1]
 [-1 -1 -1 -1]
 [ 1 -1  1 -1]
 [-1 -1 -1 -1]
 [ 4 -1  4 -1]
 [ 1 -1 -1  1]
 [-1 -1 -1 -1]
 [-1 -1 -1 -1]
 [ 4  4  4  4]
 [-1 -1 -1 -1]
 [-1  4 -1 -1]
 [-1  4 -1 -1]]

Energy_consume:0.0

sum_bits_si:[50.4 56.4 34.  34.  15.2]Mbit

user_transcodebit_left:[200. 200. 200. 200.]Mbit

2024-03-19 10:07:47
Bitrate_list:[[-1 -1 -1  0]
 [ 4 -1  4  4]
 [-1  4  4 -1]
 [-1  4 -1 -1]
 [-1 -1 -1 -1]
 [ 0 -1 -1 -1]
 [-1 -1 -1 -1]
 [ 4 -1  4 -1]
 [-1 -1  4  4]
 [-1  4 -1  4]
 [ 0 -1 -1  0]
 [-1  4 -1 -1]
 [-1  4  4  4]
 [-1 -1 -1 -1]
 [-1 -1 -1 -1]
 [ 0 -1  0 -1]
 [-1 -1 -1 -1]
 [ 4 -1  4 -1]
 [ 0 -1 -1  0]
 [-1 -1 -1 -1]
 [-1 -1 -1 -1]
 [ 4  4  4  4]
 [-1 -1 -1 -1]
 [-1  4 -1 -1]
 [-1  4 -1 -1]]

Energy_consume:0.0

sum_bits_si:[48.  62.  31.6 31.6 15.2]Mbit

user_transcodebit_left:[200. 200. 200. 200.]Mbit

2024-03-19 10:15:26
Bitrate_list:[[-1 -1 -1  0]
 [ 4 -1  4  4]
 [-1  4  4 -1]
 [-1  4 -1 -1]
 [-1 -1 -1 -1]
 [ 0 -1 -1 -1]
 [-1 -1 -1 -1]
 [ 4 -1  4 -1]
 [-1 -1  0  0]
 [-1  4 -1  4]
 [ 0 -1 -1  0]
 [-1  4 -1 -1]
 [-1  4  4  4]
 [-1 -1 -1 -1]
 [-1 -1 -1 -1]
 [ 0 -1  0 -1]
 [-1 -1 -1 -1]
 [ 4 -1  4 -1]
 [ 0 -1 -1  0]
 [-1 -1 -1 -1]
 [-1 -1 -1 -1]
 [ 4  4  4  4]
 [-1 -1 -1 -1]
 [-1  4 -1 -1]
 [-1  0 -1 -1]]

Energy_consume:0.0

sum_bits_si:[48.  48.  31.6 31.6  1.2]Mbit

user_transcodebit_left:[200. 200. 200. 200.]Mbit

2024-03-19 15:15:08
Bitrate_list:[[-1  1 -1 -1]
 [-1 -1  1  1]
 [ 4 -1 -1 -1]
 [ 1  1 -1  1]
 [-1 -1 -1  0]
 [-1 -1  0 -1]
 [ 4  3 -1 -1]
 [-1 -1 -1 -1]
 [-1 -1  1 -1]
 [ 2 -1  1 -1]
 [-1 -1 -1 -1]
 [-1 -1 -1 -1]
 [-1 -1  3 -1]
 [ 1  1 -1  1]
 [-1 -1 -1  0]
 [-1 -1  1  1]
 [-1  1  1 -1]
 [ 2 -1 -1 -1]
 [-1 -1 -1  0]
 [-1  3 -1 -1]
 [-1 -1 -1 -1]
 [ 1  1 -1  1]
 [ 1 -1 -1 -1]
 [-1  1 -1 -1]
 [-1 -1 -1 -1]]

Energy_consume:1.8

sum_bits_si:[28.4 25.2 28.  21.6  0. ]Mbit

user_transcodebit_left:[200. 200. 200. 200.]Mbit

